2.0
28.5
3.8333333333333335
3.0
52.666666666666664
28.5
52.666666666666664
52.5
2.0
2.1666666666666665
2.1666666666666665
1.0
3.0
23.333333333333332
3.3333333333333335
2.8333333333333335
23.333333333333332
3852.0
1.8333333333333333
3.6666666666666665
2.0
2.8333333333333335
2.6666666666666665
52.5
2.0
1.6666666666666667
2.0
34.166666666666664
26.833333333333332
17.833333333333332
2.3333333333333335
2330.4
35.0
52.5
1.8333333333333333
16.166666666666668
21.166666666666668
3.1666666666666665
3.0
3.0
18.666666666666668
3.3333333333333335
2.5
2.0
1.8333333333333333
18.0
2.3333333333333335
19.666666666666668
3.0
37.333333333333336
19.166666666666668
18.0
1.8333333333333333
5789.8
23.333333333333332
23.666666666666668
49.333333333333336
24.166666666666668
20.666666666666668
2.0
2.8333333333333335
2.8333333333333335
2.8333333333333335
12.5
3.0
28.5
28.666666666666668
31.0
31.166666666666668
32.5
26.0
26.0
26.0
52.666666666666664
26.833333333333332
10.666666666666666
52.5
2.5
2.6666666666666665
52.833333333333336
23.5
1.8333333333333333
25.833333333333332
52.5
18.5
2.0
2.6666666666666665
154.83333333333334
3.0
2.6666666666666665
2.0
2.0
1.8333333333333333
4.5
58.333333333333336
11.0
8.25
3.0
3.0
35.166666666666664
3.1666666666666665
22.833333333333332
2.8333333333333335
3.6666666666666665
26.0
29.0
278.91666666666663
46.833333333333336
2.3333333333333335
98.0
176.25
2.3333333333333335
22.166666666666668
63.666666666666664
12.833333333333334
2.6666666666666665
18.0
17.333333333333332
35.0
16.0
1.9166666666666667
52.5
52.5
3.8333333333333335
23.333333333333332
26.333333333333332
2.8333333333333335
19.5
2.0
3.1666666666666665
2.8333333333333335
14.0
3.0
2.8333333333333335
3.6666666666666665
19.333333333333332
28.833333333333332
2.0
2.0
2.0
2.8333333333333335
17.166666666666668
15.0
13.5
47.166666666666664
49.5
19.5
23.833333333333332
3.5
20.5
3.333333333333333
15.5
15.833333333333334
18.333333333333332
58.833333333333336
19.166666666666668
2.0
4.666666666666667
26.0
2.6666666666666665
26.5
4.833333333333333
1.0
1.6666666666666667
22.833333333333332
23.333333333333332
5789.0
19.0
17.166666666666668
2.8333333333333335
3.0
3.0
3.1666666666666665
2.3333333333333335
2.8333333333333335
3.1666666666666665
2.6666666666666665
3.5
15.833333333333334
12.166666666666666
52.5
2.8333333333333335
84.0
82.5
920.5
12.833333333333334
2.0
2.6666666666666665
2.6666666666666665
17.166666666666668
4.666666666666667
2.8333333333333335
2.6666666666666665
52.5
799.6666666666666
2.5
2.0
2.0833333333333335
7890.4
21.166666666666668
3.0
5.833333333333333
35.0
26.166666666666668
26.0
26.0
2.3333333333333335
14.333333333333334
26.166666666666668
52.666666666666664
38.166666666666664
18.5
2.5
2.3333333333333335
3.1666666666666665
12.5
52.5
3.1666666666666665
1.9166666666666667
2.0
7.0
1448.4
2.0
5833.2
29.0
1.8333333333333333
2.6666666666666665
1.8333333333333333
19.5
11.333333333333334
3.6666666666666665
3.6666666666666665
1.8333333333333333
1.8333333333333333
2.8333333333333335
1.8333333333333333
2.8333333333333335
3.3333333333333335
12.666666666666666
2.0
9.0
15.5
3.0
3.1666666666666665
2.0
3.0
2.8333333333333335
14.666666666666666
27.333333333333332
2.1666666666666665
75.33333333333333
123.66666666666667
2.1666666666666665
20.833333333333332
21.833333333333332
4.0
2.8333333333333335
52.5
27.833333333333332
2.0
2.0
2.0
2.8333333333333335
2.3333333333333335
18.333333333333332
19.5
12.0
18.5
19.5
12.166666666666666
2.8333333333333335
15.833333333333334
12.0
12.0
3.0
12.0
18.666666666666668
4.083333333333334
3.0
12.0
15.666666666666666
17.166666666666668
12.0
12.0
20.833333333333332
13.333333333333334
31.0
12.0
12.0
2.1666666666666665
52.5
52.666666666666664
17.5
5.0
21.5
5.0
3.0
43.666666666666664
4.5
3.3333333333333335
21.666666666666668
3.1666666666666665
9.833333333333334
17.833333333333332
3.0
17.333333333333332
2.0
25.0
3.3333333333333335
26.0
4.333333333333333
4.166666666666667
4.333333333333333
22.5
18.166666666666668
3.0
18.333333333333332
52.5
23.333333333333332
2.0
23.333333333333332
2.8333333333333335
2.8333333333333335
2.8333333333333335
3.0
23.5
33.666666666666664
52.5
19.666666666666668
12.833333333333334
17.5
4.0
17.5
2.6666666666666665
18.166666666666668
13.166666666666666
2.0
15.333333333333334
17.5
2.8333333333333335
2.0
7.333333333333333
26.0
52.5
4.0
42.333333333333336
5.0
3.8333333333333335
14.333333333333334
4.0
2.6666666666666665
30.5
16.166666666666668
16.166666666666668
19.0
19.333333333333332
nan
2.0
2.0
23.333333333333332
8.0
3.8333333333333335
2.8333333333333335
11.5
3.166666666666667
11.5
19.166666666666668
3.0
17.666666666666668
920.8333333333334
11.5
2.6666666666666665
20.0
16.0
2.8333333333333335
3.3333333333333335
4.333333333333333
36.166666666666664
3.6666666666666665
21.166666666666668
2.6666666666666665
17.333333333333332
21.833333333333332
nan
3.0
2.8333333333333335
3.0
2.8333333333333335
24.0
3.0
3.5
2.6666666666666665
3.1666666666666665
2.8333333333333335
3.8333333333333335
52.5
2.0
2.0
4.0
22.666666666666668
19.666666666666668
23.333333333333332
24.333333333333332
2.8333333333333335
28.833333333333332
3.0
21.666666666666668
7.666666666666667
7.666666666666667
70.5
5834.2
2.8333333333333335
2.8333333333333335
2.8333333333333335
27.666666666666668
2.6666666666666665
4.666666666666667
52.5
23.666666666666668
676.6666666666666
956.1666666666666
52.666666666666664
1.6666666666666667
3.6666666666666665
18.666666666666668
26.0
2.8333333333333335
5.0
2.5
122.0
26.833333333333332
26.5
2.0
23.5
2.6666666666666665
52.5
1.2
nan
1.8333333333333333
1.8333333333333333
2.333333333333333
2.8333333333333335
34.833333333333336
20.833333333333332
3.0
1.0
3.6666666666666665
3.6666666666666665
2.0
1.0
2.0
23.333333333333332
15.333333333333334
3.6666666666666665
3.3333333333333335
3.6666666666666665
86.83333333333333
3.3333333333333335
2.0
19.166666666666668
9.0
19.166666666666668
2.0
9.0
2.8333333333333335
3.2
44.5
2.0
2.8333333333333335
3.2
20.5
2.0
126.0
2.0
3.0
64.16666666666667
9.0
9.0
2.1666666666666665
2.1666666666666665
2.1666666666666665
2.1666666666666665
2.0
2.0
18.5
16.333333333333332
21.833333333333332
5.0
16.166666666666668
23.333333333333332
3.6666666666666665
19.5
2.0
3.5
2.6666666666666665
2.8333333333333335
nan
16.833333333333332
20.166666666666668
66.66666666666667
2.8333333333333335
12.166666666666666
4.166666666666667
15.666666666666666
2.8333333333333335
2.0
23.166666666666668
67.83333333333333
23.666666666666668
14.5
17.333333333333332
4.0
2.8333333333333335
52.5
15.0
40.333333333333336
12.166666666666666
12.0
19.666666666666668
3.1666666666666665
13.166666666666666
12.0
2.8333333333333335
14.0
2.8333333333333335
1114.8333333333333
4.166666666666667
nan
17.166666666666668
19.666666666666668
12.0
3.0
3.5
38.166666666666664
3.5
18.5
12.0
17.833333333333332
17.166666666666668
15.333333333333334
22.833333333333332
14.333333333333334
19.333333333333332
21.166666666666668
15.333333333333334
2.6666666666666665
21.0
18.5
11.833333333333334
3.6666666666666665
2.6666666666666665
2.8333333333333335
16.666666666666668
3.1666666666666665
9.666666666666666
3.0
3.0
2.6666666666666665
1.8333333333333333
1.8333333333333333
16.666666666666668
9.333333333333334
26.166666666666668
7063.333333333333
7063.833333333333
7082.666666666667
7063.833333333333
7077.5
7072.666666666667
7063.666666666667
7083.4
1.8333333333333333
2.6666666666666665
20.333333333333332
16.5
4.0
52.666666666666664
17.5
52.666666666666664
3.0
29.666666666666668
8.833333333333334
17.166666666666668
9.5
3.0
9.166666666666666
8.833333333333334
3608.9166666666665
9.333333333333334
9.166666666666666
3.1666666666666665
17.833333333333332
14.0
16.5
26.0
19.166666666666668
17.166666666666668
16.0
16.166666666666668
16.166666666666668
24.666666666666668
3.1666666666666665
11.5
16.833333333333332
2.6666666666666665
19.833333333333332
11.5
3.5
2.8333333333333335
20.5
363.1666666666667
nan
2.3333333333333335
4.166666666666667
2.5
2.8333333333333335
3.6666666666666665
2.6666666666666665
18.0
4.333333333333333
3.3333333333333335
nan
19.666666666666668
4.0
19.666666666666668
20.333333333333332
2.8333333333333335
17.333333333333332
11.5
13.833333333333334
36.833333333333336
2.8333333333333335
2.8333333333333335
26.0
444.3333333333333
3.6666666666666665
37.0
14.0
26.0
28.5
52.666666666666664
23.333333333333332
15.166666666666666
2.5
14.666666666666666
2.0
2.0
14.0
3.1666666666666665
2.8333333333333335
2.6666666666666665
3.6666666666666665
1.6666666666666667
2.0
32.333333333333336
3.6666666666666665
24.0
1.6666666666666667
9.333333333333334
3.0
15.0
18.833333333333332
1.8333333333333333
52.833333333333336
2.8333333333333335
11.833333333333334
nan
2.8333333333333335
2.6666666666666665
14.833333333333334
3.0
23.5
2.5
2.6666666666666665
2.6666666666666665
52.5
52.5
23.333333333333332
7062.166666666667
7052.166666666667
7070.666666666667
7075.0
7063.833333333333
7052.333333333333
23.333333333333332
13.166666666666666
23.833333333333332
4.0
15.833333333333334
26.0
4.0
4.0
4.0
2.0
19.5
