1021.8
27.0
2.1666666666666665
2.083333333333333
52.0
24.5
52.0
51.833333333333336
1.0
1.0
1.0
1.0833333333333335
1.0833333333333335
1.0
1.0
22.5
17.0
2.0
22.5
3852.25
1.0
3.1666666666666665
2.0
1.75
1.5833333333333335
52.0
1.0
1.0
1.0
33.5
31.75
27.166666666666668
3.5
879.25
45.91666666666667
52.0
1.1666666666666667
20.333333333333332
11.5
2.083333333333333
2.4166666666666665
2.4166666666666665
1.0
14.333333333333334
17.0
2.0
1.1666666666666667
1.0
10.166666666666668
2.0
15.5
2.25
33.833333333333336
22.333333333333332
16.5
1.0
3623.0
22.5
20.0
49.25
19.0
18.5
1.0
2.0
2.0
2.0
2.5
7.333333333333334
28.5
28.666666666666668
26.0
31.166666666666668
28.5
26.0
26.0
26.0
51.833333333333336
22.833333333333332
14.666666666666666
51.833333333333336
1.3333333333333333
2.0
51.91666666666667
22.5
1.0
26.333333333333332
51.833333333333336
14.333333333333334
1.1666666666666667
16.833333333333332
137.33333333333334
1.0
1.8333333333333333
1.0
1.0
1.3333333333333333
2.8333333333333335
72.83333333333333
15.833333333333334
12.333333333333334
2.083333333333333
2.4166666666666665
26.0
2.0
12.333333333333334
2.0
0.9166666666666667
1.3333333333333335
26.0
27.833333333333332
41.166666666666664
67.83333333333333
109.0
378.1666666666667
7.25
26.0
109.08333333333333
19.166666666666668
16.75
14.833333333333334
13.333333333333334
25.833333333333332
21.666666666666668
16.75
51.833333333333336
53.0
2.3333333333333335
22.5
24.0
2.0
24.166666666666668
1.0
6.5
2.0
13.166666666666666
2.0
2.0
3.0
15.583333333333332
34.25
1.0
2.0
16.75
2.0
19.333333333333332
12.666666666666666
12.5
40.91666666666667
48.916666666666664
10.666666666666666
21.0
2.5833333333333335
19.333333333333332
2.0
14.0
19.166666666666668
20.5
48.08333333333333
18.166666666666668
1.0
4.666666666666667
26.0
2.0
40.58333333333333
4.666666666666667
1.0
1.0
12.5
22.5
22.5
3622.0
11.166666666666668
14.166666666666666
2.0
17.75
2.5833333333333335
2.5
2.1666666666666665
61.16666666666667
2.0
2.0
2.0
2.5833333333333335
11.833333333333334
11.5
51.833333333333336
23.5
2.0
111.58333333333334
131.66666666666669
1445.3333333333335
2.166666666666667
1.0
2.0
2.0
17.166666666666668
2.5
2.0
2.0
52.0
1.0
1.0
1.0
21.25
21.166666666666668
2.0
6.416666666666666
13.5
26.0
26.0
26.0
1.5
14.166666666666668
28.5
52.0
31.0
14.333333333333334
16.75
16.666666666666668
2.0
10.083333333333332
51.91666666666667
2.3333333333333335
16.75
nan
14.5
1818.25
nan
49.833333333333336
30.666666666666668
1.0
2.0
1.0
18.166666666666668
10.333333333333334
1.8333333333333335
1.25
1.0
1.0
1.8333333333333333
1.0
1.5
1.5
17.5
1.0
9.166666666666666
15.333333333333334
2.8333333333333335
2.3333333333333335
7202.0
2.0
2.0
14.0
24.666666666666668
7202.0
63.333333333333336
144.16666666666666
2.0
20.5
2.0
15.666666666666666
17.0
2.0
15.083333333333332
52.0
33.5
1.0
1.0
1.0
2.0
2.25
17.166666666666668
20.166666666666668
12.166666666666666
19.666666666666668
18.5
30.333333333333332
2.0
20.333333333333332
2.0
219.5
12.166666666666666
12.166666666666666
2.0
12.166666666666666
19.166666666666668
2.916666666666667
2.0
12.166666666666666
24.916666666666664
20.166666666666668
12.166666666666666
12.166666666666666
16.166666666666668
32.166666666666664
21.833333333333332
24.0
12.166666666666666
12.166666666666666
1.8333333333333333
52.333333333333336
52.0
12.666666666666666
5.166666666666667
20.666666666666668
5.166666666666667
2.0
51.666666666666664
3.1666666666666665
17.583333333333332
15.0
2.1666666666666665
9.916666666666668
15.916666666666668
2.0
18.166666666666668
1.3333333333333333
4.333333333333333
2.1666666666666665
26.0
1.8333333333333335
1.5
1.6666666666666665
21.5
15.333333333333334
2.1666666666666665
18.666666666666668
52.166666666666664
21.0
1.3333333333333333
22.5
2.8333333333333335
2.8333333333333335
2.8333333333333335
2.8333333333333335
22.5
31.333333333333332
13.833333333333334
15.0
16.666666666666668
17.0
12.833333333333334
2.0
12.0
28.75
28.333333333333332
13.416666666666668
1.0
19.166666666666668
15.166666666666666
2.0
1.0
1.0
28.5
51.833333333333336
3.5
47.5
3.8333333333333335
2.1666666666666665
19.166666666666668
2.0
2.0
33.666666666666664
2.0
16.333333333333332
16.166666666666668
18.0
18.333333333333332
7257.0
3.3333333333333335
1.0
11.5
22.5
15.333333333333334
1.0
27.583333333333336
2.1666666666666665
11.833333333333334
2.1666666666666665
11.833333333333334
13.333333333333334
18.333333333333332
18.0
2.333333333333333
16.833333333333332
1445.4166666666665
11.833333333333334
2.0
20.166666666666668
22.583333333333336
2.0
2.583333333333333
17.166666666666668
12.0
118.08333333333334
2.166666666666667
2.0
19.0
2.0
16.333333333333332
15.666666666666666
nan
2.0
2.0
2.0
2.0
31.666666666666668
2.25
2.5
2.0
2.0
2.0
2.5
51.833333333333336
1.0
1.0
17.083333333333332
27.916666666666668
18.666666666666668
22.5
18.833333333333332
2.0
23.666666666666668
2.0
2.416666666666667
16.25
2.0
2.0
58.16666666666667
50.583333333333336
2.0
7058.166666666667
2.0
2.0
2.0
2.6666666666666665
51.833333333333336
22.0
3.3333333333333335
786.25
885.9166666666667
52.0
1.0
17.583333333333332
14.5
26.0
2.0
20.25
2.0
21.0
22.5
17.5
27.0
1.0
22.5
16.25
52.0
2.1666666666666665
1.0
1.0
1.0
1.75
30.583333333333336
33.0
2.0
1.0
1.25
1.3333333333333335
1.0
1.0
1.0
22.5
18.166666666666668
3.0
2.5
2.75
1861.6666666666665
2.5
1.8333333333333333
19.5
9.166666666666666
19.0
33.666666666666664
9.166666666666666
2.0
2.6666666666666665
7207.0
2.0
2.6666666666666665
16.5
33.666666666666664
118.08333333333333
1021.8
2.1666666666666665
51.833333333333336
9.166666666666666
9.166666666666666
1.0833333333333335
1.1666666666666667
1.1666666666666667
1.1666666666666667
1.0
1.0
12.0
3.6666666666666665
18.666666666666668
17.833333333333332
17.166666666666668
3.8333333333333335
20.0
22.5
3.3333333333333335
17.666666666666668
1.0
2.3333333333333335
2.416666666666667
2.0
17.5
16.0
3.6666666666666665
49.75
2.0
3.833333333333333
17.0
15.166666666666666
2.0
1.0
20.5
54.91666666666667
13.833333333333334
20.666666666666668
16.333333333333332
2.0
52.666666666666664
15.166666666666666
3.1666666666666665
27.666666666666668
12.166666666666666
12.166666666666666
15.5
2.3333333333333335
12.916666666666668
12.166666666666666
2.0
22.0
12.333333333333332
2.0
314.66666666666663
3.0
12.0
nan
19.666666666666668
20.833333333333332
12.166666666666666
2.0
2.5833333333333335
2.0
2.0
18.5
12.166666666666666
16.166666666666668
19.666666666666668
22.0
32.666666666666664
20.0
21.833333333333332
14.166666666666666
25.5
2.0
16.666666666666668
12.833333333333334
4.0
17.25
2.1666666666666665
2.0
17.833333333333332
2.1666666666666665
10.083333333333332
2.0
17.583333333333332
2.083333333333333
1.0
1.0
17.333333333333332
8.833333333333334
26.0
7037.166666666667
7037.666666666666
7057.833333333333
7037.833333333333
7047.166666666667
7048.166666666667
7057.583333333333
7038.333333333333
1.3333333333333333
1.6666666666666667
16.0
12.5
4.166666666666667
51.833333333333336
19.166666666666668
52.166666666666664
2.0
29.25
8.916666666666666
17.666666666666668
9.0
2.0
8.833333333333334
20.333333333333332
8.666666666666666
9.0
13.666666666666666
2.416666666666667
21.583333333333336
16.0
20.083333333333332
26.0
14.5
17.5
16.166666666666668
16.166666666666668
16.166666666666668
4.333333333333333
26.0
16.666666666666668
11.833333333333334
16.333333333333332
2.0
2.0
14.5
11.833333333333334
2.3333333333333335
2.0
22.0
362.0
nan
17.083333333333332
8.666666666666666
2.0
12.0
3.0
2.0
18.166666666666668
2.0
2.166666666666667
nan
18.833333333333332
4.0
19.5
1510.3333333333335
2.0
11.833333333333334
16.333333333333332
11.833333333333334
38.5
48.333333333333336
2.0
2.0
2.0
26.0
386.75
2.0
29.916666666666664
20.333333333333332
26.0
28.666666666666668
52.0
22.5
15.833333333333334
1.0
22.666666666666668
1.0
1.0
11.666666666666668
2.083333333333333
2.0
1.8333333333333333
3.3333333333333335
1.3333333333333335
1.0
3.3333333333333335
1.0
40.58333333333333
1.25
30.333333333333332
1.0
14.333333333333334
1.0
14.666666666666666
17.333333333333332
1.0
52.166666666666664
2.0
3.916666666666667
nan
2.0
2.0
22.0
2.0
22.5
16.75
16.75
16.75
51.833333333333336
52.0
22.5
7032.0
7032.0
7045.166666666667
7066.75
7052.666666666666
7042.75
22.5
4206.75
22.0
4.166666666666667
27.333333333333332
5.0
4.166666666666667
5.083333333333334
4.666666666666667
1.0
18.5
